83.8 25.4  60308
83.8 25.4  1
525
   5.5675438e+05   7.1331995e+06   0.0000000e+00  -1.5400000e+01   7.7000000e-01
   5.5675438e+05   7.1332495e+06   0.0000000e+00  -1.5400000e+01   7.7000000e-01
   5.5675438e+05   7.1332995e+06   0.0000000e+00  -1.5400000e+01   7.7000000e-01
   5.5675438e+05   7.1333495e+06   0.0000000e+00  -9.7000000e+00   4.8500000e-01
   5.5675438e+05   7.1333995e+06   0.0000000e+00  -9.7000000e+00   4.8500000e-01
   5.5675438e+05   7.1334495e+06   0.0000000e+00  -9.7000000e+00   4.8500000e-01
   5.5675438e+05   7.1334995e+06   0.0000000e+00  -9.7000000e+00   4.8500000e-01
   5.5675438e+05   7.1335495e+06   0.0000000e+00  -1.4000000e+01   7.0000000e-01
   5.5675438e+05   7.1335995e+06   0.0000000e+00  -1.4000000e+01   7.0000000e-01
   5.5675438e+05   7.1336495e+06   0.0000000e+00  -1.4000000e+01   7.0000000e-01
   5.5675438e+05   7.1336995e+06   0.0000000e+00  -1.4000000e+01   7.0000000e-01
   5.5675438e+05   7.1337495e+06   0.0000000e+00  -1.7400000e+01   8.7000000e-01
   5.5675438e+05   7.1337995e+06   0.0000000e+00  -1.7400000e+01   8.7000000e-01
   5.5675438e+05   7.1338495e+06   0.0000000e+00  -1.7400000e+01   8.7000000e-01
   5.5675438e+05   7.1338995e+06   0.0000000e+00  -1.7400000e+01   8.7000000e-01
   5.5675438e+05   7.1339495e+06   0.0000000e+00  -2.0800000e+01   1.0400000e+00
   5.5675438e+05   7.1339995e+06   0.0000000e+00  -2.0800000e+01   1.0400000e+00
   5.5675438e+05   7.1340495e+06   0.0000000e+00  -2.0800000e+01   1.0400000e+00
   5.5675438e+05   7.1340995e+06   0.0000000e+00  -2.0800000e+01   1.0400000e+00
   5.5675438e+05   7.1341495e+06   0.0000000e+00  -2.0400000e+01   1.0200000e+00
   5.5675438e+05   7.1341995e+06   0.0000000e+00  -2.0400000e+01   1.0200000e+00
   5.5680438e+05   7.1331995e+06   0.0000000e+00  -1.3400000e+01   6.7000000e-01
   5.5680438e+05   7.1332495e+06   0.0000000e+00  -1.3115268e+01   6.5576341e-01
   5.5680438e+05   7.1332995e+06   0.0000000e+00  -1.2285646e+01   6.1428231e-01
   5.5680438e+05   7.1333495e+06   0.0000000e+00  -1.1456024e+01   5.7280121e-01
   5.5680438e+05   7.1333995e+06   0.0000000e+00  -1.1514950e+01   5.7574749e-01
   5.5680438e+05   7.1334495e+06   0.0000000e+00  -1.1895725e+01   5.9478624e-01
   5.5680438e+05   7.1334995e+06   0.0000000e+00  -1.2276500e+01   6.1382499e-01
   5.5680438e+05   7.1335495e+06   0.0000000e+00  -1.2657275e+01   6.3286374e-01
   5.5680438e+05   7.1335995e+06   0.0000000e+00  -1.3353176e+01   6.6765878e-01
   5.5680438e+05   7.1336495e+06   0.0000000e+00  -1.4351916e+01   7.1759579e-01
   5.5680438e+05   7.1336995e+06   0.0000000e+00  -1.5253097e+01   7.6265483e-01
   5.5680438e+05   7.1337495e+06   0.0000000e+00  -1.6147531e+01   8.0737653e-01
   5.5680438e+05   7.1337995e+06   0.0000000e+00  -1.7041964e+01   8.5209822e-01
   5.5680438e+05   7.1338495e+06   0.0000000e+00  -1.8121185e+01   9.0605924e-01
   5.5680438e+05   7.1338995e+06   0.0000000e+00  -1.9245236e+01   9.6226178e-01
   5.5680438e+05   7.1339495e+06   0.0000000e+00  -2.0369286e+01   1.0184643e+00
   5.5680438e+05   7.1339995e+06   0.0000000e+00  -2.1475203e+01   1.0737602e+00
   5.5680438e+05   7.1340495e+06   0.0000000e+00  -2.1417932e+01   1.0708966e+00
   5.5680438e+05   7.1340995e+06   0.0000000e+00  -2.1055217e+01   1.0527609e+00
   5.5680438e+05   7.1341495e+06   0.0000000e+00  -2.0692503e+01   1.0346251e+00
   5.5680438e+05   7.1341995e+06   0.0000000e+00  -2.0329788e+01   1.0164894e+00
   5.5685438e+05   7.1331995e+06   0.0000000e+00  -1.3400000e+01   6.7000000e-01
   5.5685438e+05   7.1332495e+06   0.0000000e+00  -1.1884316e+01   5.9421582e-01
   5.5685438e+05   7.1332995e+06   0.0000000e+00  -1.0586478e+01   5.2932388e-01
   5.5685438e+05   7.1333495e+06   0.0000000e+00  -9.7586586e+00   4.8793293e-01
   5.5685438e+05   7.1333995e+06   0.0000000e+00  -8.9308395e+00   4.4654198e-01
   5.5685438e+05   7.1334495e+06   0.0000000e+00  -9.0850924e+00   4.5425462e-01
   5.5685438e+05   7.1334995e+06   0.0000000e+00  -1.0025900e+01   5.0129502e-01
   5.5685438e+05   7.1335495e+06   0.0000000e+00  -1.0966708e+01   5.4833542e-01
   5.5685438e+05   7.1335995e+06   0.0000000e+00  -1.1907516e+01   5.9537582e-01
   5.5685438e+05   7.1336495e+06   0.0000000e+00  -1.2914358e+01   6.4571788e-01
   5.5685438e+05   7.1336995e+06   0.0000000e+00  -1.4023473e+01   7.0117365e-01
   5.5685438e+05   7.1337495e+06   0.0000000e+00  -1.5130358e+01   7.5651789e-01
   5.5685438e+05   7.1337995e+06   0.0000000e+00  -1.6237243e+01   8.1186213e-01
   5.5685438e+05   7.1338495e+06   0.0000000e+00  -1.7509304e+01   8.7546518e-01
   5.5685438e+05   7.1338995e+06   0.0000000e+00  -1.8826275e+01   9.4131373e-01
   5.5685438e+05   7.1339495e+06   0.0000000e+00  -2.0143246e+01   1.0071623e+00
   5.5685438e+05   7.1339995e+06   0.0000000e+00  -2.1393403e+01   1.0696702e+00
   5.5685438e+05   7.1340495e+06   0.0000000e+00  -2.1404391e+01   1.0702196e+00
   5.5685438e+05   7.1340995e+06   0.0000000e+00  -2.1001159e+01   1.0500579e+00
   5.5685438e+05   7.1341495e+06   0.0000000e+00  -2.0597926e+01   1.0298963e+00
   5.5685438e+05   7.1341995e+06   0.0000000e+00  -2.0194693e+01   1.0097346e+00
   5.5690438e+05   7.1331995e+06   0.0000000e+00  -1.2800000e+01   6.4000000e-01
   5.5690438e+05   7.1332495e+06   0.0000000e+00  -1.1757411e+01   5.8787053e-01
   5.5690438e+05   7.1332995e+06   0.0000000e+00  -1.0408616e+01   5.2043080e-01
   5.5690438e+05   7.1333495e+06   0.0000000e+00  -9.0598216e+00   4.5299108e-01
   5.5690438e+05   7.1333995e+06   0.0000000e+00  -7.7110272e+00   3.8555136e-01
   5.5690438e+05   7.1334495e+06   0.0000000e+00  -7.3417334e+00   3.6708667e-01
   5.5690438e+05   7.1334995e+06   0.0000000e+00  -8.0512432e+00   4.0256216e-01
   5.5690438e+05   7.1335495e+06   0.0000000e+00  -8.8934342e+00   4.4467171e-01
   5.5690438e+05   7.1335995e+06   0.0000000e+00  -9.7356252e+00   4.8678126e-01
   5.5690438e+05   7.1336495e+06   0.0000000e+00  -1.0884179e+01   5.4420897e-01
   5.5690438e+05   7.1336995e+06   0.0000000e+00  -1.2273813e+01   6.1369065e-01
   5.5690438e+05   7.1337495e+06   0.0000000e+00  -1.3644476e+01   6.8222380e-01
   5.5690438e+05   7.1337995e+06   0.0000000e+00  -1.4751361e+01   7.3756804e-01
   5.5690438e+05   7.1338495e+06   0.0000000e+00  -1.6018313e+01   8.0091567e-01
   5.5690438e+05   7.1338995e+06   0.0000000e+00  -1.7227310e+01   8.6136548e-01
   5.5690438e+05   7.1339495e+06   0.0000000e+00  -1.8259665e+01   9.1298323e-01
   5.5690438e+05   7.1339995e+06   0.0000000e+00  -1.9292020e+01   9.6460099e-01
   5.5690438e+05   7.1340495e+06   0.0000000e+00  -1.9417179e+01   9.7085897e-01
   5.5690438e+05   7.1340995e+06   0.0000000e+00  -1.9169231e+01   9.5846154e-01
   5.5690438e+05   7.1341495e+06   0.0000000e+00  -1.8861544e+01   9.4307722e-01
   5.5690438e+05   7.1341995e+06   0.0000000e+00  -1.8553858e+01   9.2769289e-01
   5.5695438e+05   7.1331995e+06   0.0000000e+00  -1.1900000e+01   5.9500000e-01
   5.5695438e+05   7.1332495e+06   0.0000000e+00  -1.1216534e+01   5.6082672e-01
   5.5695438e+05   7.1332995e+06   0.0000000e+00  -1.0331821e+01   5.1659107e-01
   5.5695438e+05   7.1333495e+06   0.0000000e+00  -9.4802400e+00   4.7401200e-01
   5.5695438e+05   7.1333995e+06   0.0000000e+00  -8.7014170e+00   4.3507085e-01
   5.5695438e+05   7.1334495e+06   0.0000000e+00  -7.8439622e+00   3.9219811e-01
   5.5695438e+05   7.1334995e+06   0.0000000e+00  -7.6929960e+00   3.8464980e-01
   5.5695438e+05   7.1335495e+06   0.0000000e+00  -7.5420298e+00   3.7710149e-01
   5.5695438e+05   7.1335995e+06   0.0000000e+00  -7.3910635e+00   3.6955318e-01
   5.5695438e+05   7.1336495e+06   0.0000000e+00  -8.2014914e+00   4.1007457e-01
   5.5695438e+05   7.1336995e+06   0.0000000e+00  -9.6695630e+00   4.8347815e-01
   5.5695438e+05   7.1337495e+06   0.0000000e+00  -1.1059881e+01   5.5299407e-01
   5.5695438e+05   7.1337995e+06   0.0000000e+00  -1.2450200e+01   6.2250999e-01
   5.5695438e+05   7.1338495e+06   0.0000000e+00  -1.3567696e+01   6.7838480e-01
   5.5695438e+05   7.1338995e+06   0.0000000e+00  -1.4592380e+01   7.2961901e-01
   5.5695438e+05   7.1339495e+06   0.0000000e+00  -1.5798625e+01   7.8993125e-01
   5.5695438e+05   7.1339995e+06   0.0000000e+00  -1.7372515e+01   8.6862577e-01
   5.5695438e+05   7.1340495e+06   0.0000000e+00  -1.7695119e+01   8.8475595e-01
   5.5695438e+05   7.1340995e+06   0.0000000e+00  -1.7366918e+01   8.6834589e-01
   5.5695438e+05   7.1341495e+06   0.0000000e+00  -1.6966648e+01   8.4833238e-01
   5.5695438e+05   7.1341995e+06   0.0000000e+00  -1.6438797e+01   8.2193987e-01
   5.5700438e+05   7.1331995e+06   0.0000000e+00  -1.0200000e+01   5.1000000e-01
   5.5700438e+05   7.1332495e+06   0.0000000e+00  -1.0467570e+01   5.2337851e-01
   5.5700438e+05   7.1332995e+06   0.0000000e+00  -1.0213373e+01   5.1066863e-01
   5.5700438e+05   7.1333495e+06   0.0000000e+00  -9.9591751e+00   4.9795875e-01
   5.5700438e+05   7.1333995e+06   0.0000000e+00  -9.6494955e+00   4.8247477e-01
   5.5700438e+05   7.1334495e+06   0.0000000e+00  -8.7047768e+00   4.3523884e-01
   5.5700438e+05   7.1334995e+06   0.0000000e+00  -7.2520848e+00   3.6260424e-01
   5.5700438e+05   7.1335495e+06   0.0000000e+00  -5.6367636e+00   2.8183818e-01
   5.5700438e+05   7.1335995e+06   0.0000000e+00  -4.0214425e+00   2.0107212e-01
   5.5700438e+05   7.1336495e+06   0.0000000e+00  -4.7332999e+00   2.3666500e-01
   5.5700438e+05   7.1336995e+06   0.0000000e+00  -6.4328795e+00   3.2164397e-01
   5.5700438e+05   7.1337495e+06   0.0000000e+00  -7.9147314e+00   3.9573657e-01
   5.5700438e+05   7.1337995e+06   0.0000000e+00  -9.3965833e+00   4.6982916e-01
   5.5700438e+05   7.1338495e+06   0.0000000e+00  -1.0885698e+01   5.4428488e-01
   5.5700438e+05   7.1338995e+06   0.0000000e+00  -1.2377388e+01   6.1886939e-01
   5.5700438e+05   7.1339495e+06   0.0000000e+00  -1.3869078e+01   6.9345389e-01
   5.5700438e+05   7.1339995e+06   0.0000000e+00  -1.6248109e+01   8.1240547e-01
   5.5700438e+05   7.1340495e+06   0.0000000e+00  -1.6888345e+01   8.4441724e-01
   5.5700438e+05   7.1340995e+06   0.0000000e+00  -1.6252565e+01   8.1262825e-01
   5.5700438e+05   7.1341495e+06   0.0000000e+00  -1.5616785e+01   7.8083925e-01
   5.5700438e+05   7.1341995e+06   0.0000000e+00  -1.4825106e+01   7.4125531e-01
   5.5705438e+05   7.1331995e+06   0.0000000e+00  -8.5000000e+00   4.2500000e-01
   5.5705438e+05   7.1332495e+06   0.0000000e+00  -8.8738997e+00   4.4369498e-01
   5.5705438e+05   7.1332995e+06   0.0000000e+00  -8.6378361e+00   4.3189180e-01
   5.5705438e+05   7.1333495e+06   0.0000000e+00  -8.4017725e+00   4.2008862e-01
   5.5705438e+05   7.1333995e+06   0.0000000e+00  -8.1552072e+00   4.0776036e-01
   5.5705438e+05   7.1334495e+06   0.0000000e+00  -6.0961923e+00   3.0480962e-01
   5.5705438e+05   7.1334995e+06   0.0000000e+00  -3.4741748e+00   1.7370874e-01
   5.5705438e+05   7.1335495e+06   0.0000000e+00  -8.5215734e-01   4.2607867e-02
   5.5705438e+05   7.1335995e+06   0.0000000e+00   1.5906657e+00   7.9533284e-02
   5.5705438e+05   7.1336495e+06   0.0000000e+00   6.9660322e-01   3.4830161e-02
   5.5705438e+05   7.1336995e+06   0.0000000e+00  -1.3561901e+00   6.7809504e-02
   5.5705438e+05   7.1337495e+06   0.0000000e+00  -3.3759274e+00   1.6879637e-01
   5.5705438e+05   7.1337995e+06   0.0000000e+00  -5.3956648e+00   2.6978324e-01
   5.5705438e+05   7.1338495e+06   0.0000000e+00  -7.8599889e+00   3.9299945e-01
   5.5705438e+05   7.1338995e+06   0.0000000e+00  -1.0490245e+01   5.2451227e-01
   5.5705438e+05   7.1339495e+06   0.0000000e+00  -1.3120502e+01   6.5602509e-01
   5.5705438e+05   7.1339995e+06   0.0000000e+00  -1.5895553e+01   7.9477767e-01
   5.5705438e+05   7.1340495e+06   0.0000000e+00  -1.6989777e+01   8.4948887e-01
   5.5705438e+05   7.1340995e+06   0.0000000e+00  -1.5822005e+01   7.9110024e-01
   5.5705438e+05   7.1341495e+06   0.0000000e+00  -1.4712838e+01   7.3564190e-01
   5.5705438e+05   7.1341995e+06   0.0000000e+00  -1.3603671e+01   6.8018356e-01
   5.5710438e+05   7.1331995e+06   0.0000000e+00  -6.6000000e+00   3.3000000e-01
   5.5710438e+05   7.1332495e+06   0.0000000e+00  -4.7593662e+00   2.3796831e-01
   5.5710438e+05   7.1332995e+06   0.0000000e+00  -1.8632934e+00   9.3164672e-02
   5.5710438e+05   7.1333495e+06   0.0000000e+00  -3.8386426e-01   1.9193213e-02
   5.5710438e+05   7.1333995e+06   0.0000000e+00   2.6667061e-01   1.3333531e-02
   5.5710438e+05   7.1334495e+06   0.0000000e+00   3.1594437e+00   1.5797219e-01
   5.5710438e+05   7.1334995e+06   0.0000000e+00   6.5230694e+00   3.2615347e-01
   5.5710438e+05   7.1335495e+06   0.0000000e+00   9.8866950e+00   4.9433475e-01
   5.5710438e+05   7.1335995e+06   0.0000000e+00   1.2559450e+01   6.2797251e-01
   5.5710438e+05   7.1336495e+06   0.0000000e+00   1.1013926e+01   5.5069632e-01
   5.5710438e+05   7.1336995e+06   0.0000000e+00   7.9469109e+00   3.9734555e-01
   5.5710438e+05   7.1337495e+06   0.0000000e+00   4.8806197e+00   2.4403099e-01
   5.5710438e+05   7.1337995e+06   0.0000000e+00   1.8417754e+00   9.2088772e-02
   5.5710438e+05   7.1338495e+06   0.0000000e+00  -2.3069411e+00   1.1534705e-01
   5.5710438e+05   7.1338995e+06   0.0000000e+00  -6.8872746e+00   3.4436373e-01
   5.5710438e+05   7.1339495e+06   0.0000000e+00  -1.1467608e+01   5.7338041e-01
   5.5710438e+05   7.1339995e+06   0.0000000e+00  -1.5407626e+01   7.7038132e-01
   5.5710438e+05   7.1340495e+06   0.0000000e+00  -1.6654493e+01   8.3272464e-01
   5.5710438e+05   7.1340995e+06   0.0000000e+00  -1.4560473e+01   7.2802367e-01
   5.5710438e+05   7.1341495e+06   0.0000000e+00  -1.2466454e+01   6.2332271e-01
   5.5710438e+05   7.1341995e+06   0.0000000e+00  -1.0372435e+01   5.1862174e-01
   5.5715438e+05   7.1331995e+06   0.0000000e+00  -6.6000000e+00   3.3000000e-01
   5.5715438e+05   7.1332495e+06   0.0000000e+00   2.2339614e-01   1.1169807e-02
   5.5715438e+05   7.1332995e+06   0.0000000e+00   5.3970478e+00   2.6985239e-01
   5.5715438e+05   7.1333495e+06   0.0000000e+00   7.8909185e+00   3.9454592e-01
   5.5715438e+05   7.1333995e+06   0.0000000e+00   1.0384789e+01   5.1923946e-01
   5.5715438e+05   7.1334495e+06   0.0000000e+00   1.6687022e+01   8.3435111e-01
   5.5715438e+05   7.1334995e+06   0.0000000e+00   2.3435467e+01   1.1717733e+00
   5.5715438e+05   7.1335495e+06   0.0000000e+00   2.8207704e+01   1.4103852e+00
   5.5715438e+05   7.1335995e+06   0.0000000e+00   3.2132996e+01   1.6066498e+00
   5.5715438e+05   7.1336495e+06   0.0000000e+00   2.9481610e+01   1.4740805e+00
   5.5715438e+05   7.1336995e+06   0.0000000e+00   2.5041439e+01   1.2520719e+00
   5.5715438e+05   7.1337495e+06   0.0000000e+00   2.0601267e+01   1.0300634e+00
   5.5715438e+05   7.1337995e+06   0.0000000e+00   1.6243732e+01   8.1218658e-01
   5.5715438e+05   7.1338495e+06   0.0000000e+00   7.2894134e+00   3.6447067e-01
   5.5715438e+05   7.1338995e+06   0.0000000e+00   2.7118741e-01   1.3559371e-02
   5.5715438e+05   7.1339495e+06   0.0000000e+00  -6.1732728e+00   3.0866364e-01
   5.5715438e+05   7.1339995e+06   0.0000000e+00  -1.2617733e+01   6.3088665e-01
   5.5715438e+05   7.1340495e+06   0.0000000e+00  -1.4978772e+01   7.4893860e-01
   5.5715438e+05   7.1340995e+06   0.0000000e+00  -1.2637359e+01   6.3186793e-01
   5.5715438e+05   7.1341495e+06   0.0000000e+00  -9.9027160e+00   4.9513580e-01
   5.5715438e+05   7.1341995e+06   0.0000000e+00  -6.9039419e+00   3.4519710e-01
   5.5720438e+05   7.1331995e+06   0.0000000e+00  -1.8000000e+00   9.0000000e-02
   5.5720438e+05   7.1332495e+06   0.0000000e+00   2.5029459e+00   1.2514729e-01
   5.5720438e+05   7.1332995e+06   0.0000000e+00   7.8589070e+00   3.9294535e-01
   5.5720438e+05   7.1333495e+06   0.0000000e+00   1.3214868e+01   6.6074340e-01
   5.5720438e+05   7.1333995e+06   0.0000000e+00   1.9539203e+01   9.7696013e-01
   5.5720438e+05   7.1334495e+06   0.0000000e+00   3.1120546e+01   1.5560273e+00
   5.5720438e+05   7.1334995e+06   0.0000000e+00   4.0744300e+01   2.0372150e+00
   5.5720438e+05   7.1335495e+06   0.0000000e+00   4.8608833e+01   2.4304417e+00
   5.5720438e+05   7.1335995e+06   0.0000000e+00   5.6473367e+01   2.8236683e+00
   5.5720438e+05   7.1336495e+06   0.0000000e+00   5.4012182e+01   2.7006091e+00
   5.5720438e+05   7.1336995e+06   0.0000000e+00   4.9625471e+01   2.4812736e+00
   5.5720438e+05   7.1337495e+06   0.0000000e+00   4.5238761e+01   2.2619380e+00
   5.5720438e+05   7.1337995e+06   0.0000000e+00   4.1832443e+01   2.0916221e+00
   5.5720438e+05   7.1338495e+06   0.0000000e+00   2.8023038e+01   1.4011519e+00
   5.5720438e+05   7.1338995e+06   0.0000000e+00   1.5967230e+01   7.9836149e-01
   5.5720438e+05   7.1339495e+06   0.0000000e+00   3.9114220e+00   1.9557110e-01
   5.5720438e+05   7.1339995e+06   0.0000000e+00  -8.1443858e+00   4.0721929e-01
   5.5720438e+05   7.1340495e+06   0.0000000e+00  -1.4112904e+01   7.0564521e-01
   5.5720438e+05   7.1340995e+06   0.0000000e+00  -1.1867853e+01   5.9339263e-01
   5.5720438e+05   7.1341495e+06   0.0000000e+00  -9.1906955e+00   4.5953478e-01
   5.5720438e+05   7.1341995e+06   0.0000000e+00  -6.5135385e+00   3.2567692e-01
   5.5725438e+05   7.1331995e+06   0.0000000e+00  -2.4000000e+00   1.2000000e-01
   5.5725438e+05   7.1332495e+06   0.0000000e+00   3.1751038e+00   1.5875519e-01
   5.5725438e+05   7.1332995e+06   0.0000000e+00   9.7527173e+00   4.8763586e-01
   5.5725438e+05   7.1333495e+06   0.0000000e+00   1.6330331e+01   8.1651654e-01
   5.5725438e+05   7.1333995e+06   0.0000000e+00   2.2919860e+01   1.1459930e+00
   5.5725438e+05   7.1334495e+06   0.0000000e+00   3.5655731e+01   1.7827865e+00
   5.5725438e+05   7.1334995e+06   0.0000000e+00   4.8213001e+01   2.4106500e+00
   5.5725438e+05   7.1335495e+06   0.0000000e+00   6.0770271e+01   3.0385135e+00
   5.5725438e+05   7.1335995e+06   0.0000000e+00   7.3327541e+01   3.6663770e+00
   5.5725438e+05   7.1336495e+06   0.0000000e+00   7.4910321e+01   3.7455160e+00
   5.5725438e+05   7.1336995e+06   0.0000000e+00   7.5321601e+01   3.7660800e+00
   5.5725438e+05   7.1337495e+06   0.0000000e+00   7.5732881e+01   3.7866440e+00
   5.5725438e+05   7.1337995e+06   0.0000000e+00   7.6583049e+01   3.8291525e+00
   5.5725438e+05   7.1338495e+06   0.0000000e+00   6.0045629e+01   3.0022815e+00
   5.5725438e+05   7.1338995e+06   0.0000000e+00   3.9145036e+01   1.9572518e+00
   5.5725438e+05   7.1339495e+06   0.0000000e+00   1.8244442e+01   9.1222211e-01
   5.5725438e+05   7.1339995e+06   0.0000000e+00  -2.6561512e+00   1.3280756e-01
   5.5725438e+05   7.1340495e+06   0.0000000e+00  -1.4625228e+01   7.3126141e-01
   5.5725438e+05   7.1340995e+06   0.0000000e+00  -1.2983680e+01   6.4918402e-01
   5.5725438e+05   7.1341495e+06   0.0000000e+00  -1.0857309e+01   5.4286544e-01
   5.5725438e+05   7.1341995e+06   0.0000000e+00  -8.7309370e+00   4.3654685e-01
   5.5730438e+05   7.1331995e+06   0.0000000e+00  -1.8000000e+00   9.0000000e-02
   5.5730438e+05   7.1332495e+06   0.0000000e+00   3.1607637e+00   1.5803818e-01
   5.5730438e+05   7.1332995e+06   0.0000000e+00   9.9657752e+00   4.9828876e-01
   5.5730438e+05   7.1333495e+06   0.0000000e+00   1.6770787e+01   8.3853934e-01
   5.5730438e+05   7.1333995e+06   0.0000000e+00   2.3912848e+01   1.1956424e+00
   5.5730438e+05   7.1334495e+06   0.0000000e+00   3.8121421e+01   1.9060711e+00
   5.5730438e+05   7.1334995e+06   0.0000000e+00   5.2345410e+01   2.6172705e+00
   5.5730438e+05   7.1335495e+06   0.0000000e+00   6.6569398e+01   3.3284699e+00
   5.5730438e+05   7.1335995e+06   0.0000000e+00   8.0793387e+01   4.0396693e+00
   5.5730438e+05   7.1336495e+06   0.0000000e+00   8.5977410e+01   4.2988705e+00
   5.5730438e+05   7.1336995e+06   0.0000000e+00   9.2071156e+01   4.6035578e+00
   5.5730438e+05   7.1337495e+06   0.0000000e+00   9.8164902e+01   4.9082451e+00
   5.5730438e+05   7.1337995e+06   0.0000000e+00   1.0425865e+02   5.2129324e+00
   5.5730438e+05   7.1338495e+06   0.0000000e+00   8.5021612e+01   4.2510806e+00
   5.5730438e+05   7.1338995e+06   0.0000000e+00   5.6601092e+01   2.8300546e+00
   5.5730438e+05   7.1339495e+06   0.0000000e+00   2.7979187e+01   1.3989594e+00
   5.5730438e+05   7.1339995e+06   0.0000000e+00  -6.4271801e-01   3.2135900e-02
   5.5730438e+05   7.1340495e+06   0.0000000e+00  -1.6023475e+01   8.0117376e-01
   5.5730438e+05   7.1340995e+06   0.0000000e+00  -1.4583578e+01   7.2917888e-01
   5.5730438e+05   7.1341495e+06   0.0000000e+00  -1.3146166e+01   6.5730832e-01
   5.5730438e+05   7.1341995e+06   0.0000000e+00  -1.1708755e+01   5.8543776e-01
   5.5735438e+05   7.1331995e+06   0.0000000e+00  -4.3000000e+00   2.1500000e-01
   5.5735438e+05   7.1332495e+06   0.0000000e+00   1.3482259e+00   6.7411294e-02
   5.5735438e+05   7.1332995e+06   0.0000000e+00   6.6094977e+00   3.3047489e-01
   5.5735438e+05   7.1333495e+06   0.0000000e+00   1.1870770e+01   5.9353848e-01
   5.5735438e+05   7.1333995e+06   0.0000000e+00   1.8166283e+01   9.0831413e-01
   5.5735438e+05   7.1334495e+06   0.0000000e+00   3.4784058e+01   1.7392029e+00
   5.5735438e+05   7.1334995e+06   0.0000000e+00   5.1401833e+01   2.5700916e+00
   5.5735438e+05   7.1335495e+06   0.0000000e+00   6.8014349e+01   3.4007174e+00
   5.5735438e+05   7.1335995e+06   0.0000000e+00   8.2177732e+01   4.1088866e+00
   5.5735438e+05   7.1336495e+06   0.0000000e+00   8.6926542e+01   4.3463271e+00
   5.5735438e+05   7.1336995e+06   0.0000000e+00   9.1675352e+01   4.5837676e+00
   5.5735438e+05   7.1337495e+06   0.0000000e+00   9.6424162e+01   4.8212081e+00
   5.5735438e+05   7.1337995e+06   0.0000000e+00   1.0117297e+02   5.0586486e+00
   5.5735438e+05   7.1338495e+06   0.0000000e+00   8.1239547e+01   4.0619773e+00
   5.5735438e+05   7.1338995e+06   0.0000000e+00   5.2761168e+01   2.6380584e+00
   5.5735438e+05   7.1339495e+06   0.0000000e+00   2.4282789e+01   1.2141394e+00
   5.5735438e+05   7.1339995e+06   0.0000000e+00  -4.1955902e+00   2.0977951e-01
   5.5735438e+05   7.1340495e+06   0.0000000e+00  -2.0787319e+01   1.0393659e+00
   5.5735438e+05   7.1340995e+06   0.0000000e+00  -1.8694469e+01   9.3472346e-01
   5.5735438e+05   7.1341495e+06   0.0000000e+00  -1.6482948e+01   8.2414740e-01
   5.5735438e+05   7.1341995e+06   0.0000000e+00  -1.4271427e+01   7.1357134e-01
   5.5740438e+05   7.1331995e+06   0.0000000e+00  -4.7000000e+00   2.3500000e-01
   5.5740438e+05   7.1332495e+06   0.0000000e+00  -6.1083865e-01   3.0541932e-02
   5.5740438e+05   7.1332995e+06   0.0000000e+00   3.5391799e+00   1.7695899e-01
   5.5740438e+05   7.1333495e+06   0.0000000e+00   6.3606384e+00   3.1803192e-01
   5.5740438e+05   7.1333995e+06   0.0000000e+00   1.0944748e+01   5.4723742e-01
   5.5740438e+05   7.1334495e+06   0.0000000e+00   3.0269857e+01   1.5134928e+00
   5.5740438e+05   7.1334995e+06   0.0000000e+00   4.9594965e+01   2.4797483e+00
   5.5740438e+05   7.1335495e+06   0.0000000e+00   6.7822845e+01   3.3911422e+00
   5.5740438e+05   7.1335995e+06   0.0000000e+00   8.3623651e+01   4.1811825e+00
   5.5740438e+05   7.1336495e+06   0.0000000e+00   8.1321816e+01   4.0660908e+00
   5.5740438e+05   7.1336995e+06   0.0000000e+00   7.9019981e+01   3.9509990e+00
   5.5740438e+05   7.1337495e+06   0.0000000e+00   7.6718145e+01   3.8359073e+00
   5.5740438e+05   7.1337995e+06   0.0000000e+00   7.9494701e+01   3.9747351e+00
   5.5740438e+05   7.1338495e+06   0.0000000e+00   6.2240948e+01   3.1120474e+00
   5.5740438e+05   7.1338995e+06   0.0000000e+00   3.7870132e+01   1.8935066e+00
   5.5740438e+05   7.1339495e+06   0.0000000e+00   1.3499316e+01   6.7496580e-01
   5.5740438e+05   7.1339995e+06   0.0000000e+00  -1.0871500e+01   5.4357499e-01
   5.5740438e+05   7.1340495e+06   0.0000000e+00  -2.5123825e+01   1.2561912e+00
   5.5740438e+05   7.1340995e+06   0.0000000e+00  -2.2305227e+01   1.1152613e+00
   5.5740438e+05   7.1341495e+06   0.0000000e+00  -1.9328610e+01   9.6643050e-01
   5.5740438e+05   7.1341995e+06   0.0000000e+00  -1.6351993e+01   8.1759965e-01
   5.5745438e+05   7.1331995e+06   0.0000000e+00  -4.8000000e+00   2.4000000e-01
   5.5745438e+05   7.1332495e+06   0.0000000e+00  -3.1527241e+00   1.5763620e-01
   5.5745438e+05   7.1332995e+06   0.0000000e+00  -9.7665170e-01   4.8832585e-02
   5.5745438e+05   7.1333495e+06   0.0000000e+00   1.6294816e+00   8.1474079e-02
   5.5745438e+05   7.1333995e+06   0.0000000e+00   6.2466261e+00   3.1233131e-01
   5.5745438e+05   7.1334495e+06   0.0000000e+00   2.5547092e+01   1.2773546e+00
   5.5745438e+05   7.1334995e+06   0.0000000e+00   4.5694128e+01   2.2847064e+00
   5.5745438e+05   7.1335495e+06   0.0000000e+00   6.6599782e+01   3.3299891e+00
   5.5745438e+05   7.1335995e+06   0.0000000e+00   8.5445606e+01   4.2722803e+00
   5.5745438e+05   7.1336495e+06   0.0000000e+00   7.5017164e+01   3.7508582e+00
   5.5745438e+05   7.1336995e+06   0.0000000e+00   6.4588723e+01   3.2294361e+00
   5.5745438e+05   7.1337495e+06   0.0000000e+00   5.8600740e+01   2.9300370e+00
   5.5745438e+05   7.1337995e+06   0.0000000e+00   5.5662229e+01   2.7831115e+00
   5.5745438e+05   7.1338495e+06   0.0000000e+00   4.1686258e+01   2.0843129e+00
   5.5745438e+05   7.1338995e+06   0.0000000e+00   2.3953365e+01   1.1976683e+00
   5.5745438e+05   7.1339495e+06   0.0000000e+00   6.2204720e+00   3.1102360e-01
   5.5745438e+05   7.1339995e+06   0.0000000e+00  -1.4018217e+01   7.0091087e-01
   5.5745438e+05   7.1340495e+06   0.0000000e+00  -2.6142002e+01   1.3071001e+00
   5.5745438e+05   7.1340995e+06   0.0000000e+00  -2.3192964e+01   1.1596482e+00
   5.5745438e+05   7.1341495e+06   0.0000000e+00  -2.0231917e+01   1.0115959e+00
   5.5745438e+05   7.1341995e+06   0.0000000e+00  -1.7196181e+01   8.5980904e-01
   5.5750438e+05   7.1331995e+06   0.0000000e+00  -4.8000000e+00   2.4000000e-01
   5.5750438e+05   7.1332495e+06   0.0000000e+00  -3.4345801e+00   1.7172901e-01
   5.5750438e+05   7.1332995e+06   0.0000000e+00  -1.7660539e+00   8.8302697e-02
   5.5750438e+05   7.1333495e+06   0.0000000e+00   3.4698121e-01   1.7349060e-02
   5.5750438e+05   7.1333995e+06   0.0000000e+00   4.2607712e+00   2.1303856e-01
   5.5750438e+05   7.1334495e+06   0.0000000e+00   2.5374744e+01   1.2687372e+00
   5.5750438e+05   7.1334995e+06   0.0000000e+00   4.6488717e+01   2.3244359e+00
   5.5750438e+05   7.1335495e+06   0.0000000e+00   6.6401488e+01   3.3200744e+00
   5.5750438e+05   7.1335995e+06   0.0000000e+00   8.3277893e+01   4.1638946e+00
   5.5750438e+05   7.1336495e+06   0.0000000e+00   6.9203311e+01   3.4601656e+00
   5.5750438e+05   7.1336995e+06   0.0000000e+00   5.5594380e+01   2.7797190e+00
   5.5750438e+05   7.1337495e+06   0.0000000e+00   4.4601307e+01   2.2300653e+00
   5.5750438e+05   7.1337995e+06   0.0000000e+00   3.3608234e+01   1.6804117e+00
   5.5750438e+05   7.1338495e+06   0.0000000e+00   2.3216869e+01   1.1608435e+00
   5.5750438e+05   7.1338995e+06   0.0000000e+00   1.3031432e+01   6.5157161e-01
   5.5750438e+05   7.1339495e+06   0.0000000e+00  -8.9144326e-01   4.4572163e-02
   5.5750438e+05   7.1339995e+06   0.0000000e+00  -1.6959522e+01   8.4797611e-01
   5.5750438e+05   7.1340495e+06   0.0000000e+00  -2.4448984e+01   1.2224492e+00
   5.5750438e+05   7.1340995e+06   0.0000000e+00  -2.1854664e+01   1.0927332e+00
   5.5750438e+05   7.1341495e+06   0.0000000e+00  -1.9260344e+01   9.6301721e-01
   5.5750438e+05   7.1341995e+06   0.0000000e+00  -1.6824040e+01   8.4120198e-01
   5.5755438e+05   7.1331995e+06   0.0000000e+00  -4.0000000e+00   2.0000000e-01
   5.5755438e+05   7.1332495e+06   0.0000000e+00  -3.0573824e+00   1.5286912e-01
   5.5755438e+05   7.1332995e+06   0.0000000e+00  -1.5213828e+00   7.6069142e-02
   5.5755438e+05   7.1333495e+06   0.0000000e+00  -6.6211341e-01   3.3105670e-02
   5.5755438e+05   7.1333995e+06   0.0000000e+00   1.7354171e+00   8.6770855e-02
   5.5755438e+05   7.1334495e+06   0.0000000e+00   2.1449815e+01   1.0724907e+00
   5.5755438e+05   7.1334995e+06   0.0000000e+00   4.1164213e+01   2.0582106e+00
   5.5755438e+05   7.1335495e+06   0.0000000e+00   5.6451232e+01   2.8225616e+00
   5.5755438e+05   7.1335995e+06   0.0000000e+00   6.4614319e+01   3.2307160e+00
   5.5755438e+05   7.1336495e+06   0.0000000e+00   5.4982692e+01   2.7491346e+00
   5.5755438e+05   7.1336995e+06   0.0000000e+00   4.2387052e+01   2.1193526e+00
   5.5755438e+05   7.1337495e+06   0.0000000e+00   2.8054648e+01   1.4027324e+00
   5.5755438e+05   7.1337995e+06   0.0000000e+00   1.3722245e+01   6.8611224e-01
   5.5755438e+05   7.1338495e+06   0.0000000e+00   6.0201619e+00   3.0100810e-01
   5.5755438e+05   7.1338995e+06   0.0000000e+00   6.0056440e-01   3.0028220e-02
   5.5755438e+05   7.1339495e+06   0.0000000e+00  -9.4962588e+00   4.7481294e-01
   5.5755438e+05   7.1339995e+06   0.0000000e+00  -1.9705742e+01   9.8528709e-01
   5.5755438e+05   7.1340495e+06   0.0000000e+00  -2.3537582e+01   1.1768791e+00
   5.5755438e+05   7.1340995e+06   0.0000000e+00  -2.1119037e+01   1.0559518e+00
   5.5755438e+05   7.1341495e+06   0.0000000e+00  -1.8700491e+01   9.3502454e-01
   5.5755438e+05   7.1341995e+06   0.0000000e+00  -1.6460875e+01   8.2304377e-01
   5.5760438e+05   7.1331995e+06   0.0000000e+00  -4.0000000e+00   2.0000000e-01
   5.5760438e+05   7.1332495e+06   0.0000000e+00  -3.7803008e+00   1.8901504e-01
   5.5760438e+05   7.1332995e+06   0.0000000e+00  -3.1658455e+00   1.5829227e-01
   5.5760438e+05   7.1333495e+06   0.0000000e+00  -2.5513901e+00   1.2756950e-01
   5.5760438e+05   7.1333995e+06   0.0000000e+00  -2.3635948e+00   1.1817974e-01
   5.5760438e+05   7.1334495e+06   0.0000000e+00   2.6394987e-01   1.3197493e-02
   5.5760438e+05   7.1334995e+06   0.0000000e+00   9.8482178e+00   4.9241089e-01
   5.5760438e+05   7.1335495e+06   0.0000000e+00   2.0054440e+01   1.0027220e+00
   5.5760438e+05   7.1335995e+06   0.0000000e+00   2.8269299e+01   1.4134650e+00
   5.5760438e+05   7.1336495e+06   0.0000000e+00   1.8561884e+01   9.2809419e-01
   5.5760438e+05   7.1336995e+06   0.0000000e+00   8.8544686e+00   4.4272343e-01
   5.5760438e+05   7.1337495e+06   0.0000000e+00  -8.5294668e-01   4.2647334e-02
   5.5760438e+05   7.1337995e+06   0.0000000e+00  -5.6048195e+00   2.8024098e-01
   5.5760438e+05   7.1338495e+06   0.0000000e+00  -1.0656235e+01   5.3281176e-01
   5.5760438e+05   7.1338995e+06   0.0000000e+00  -1.5885732e+01   7.9428658e-01
   5.5760438e+05   7.1339495e+06   0.0000000e+00  -2.1115228e+01   1.0557614e+00
   5.5760438e+05   7.1339995e+06   0.0000000e+00  -2.3973954e+01   1.1986977e+00
   5.5760438e+05   7.1340495e+06   0.0000000e+00  -2.3664785e+01   1.1832392e+00
   5.5760438e+05   7.1340995e+06   0.0000000e+00  -2.1172718e+01   1.0586359e+00
   5.5760438e+05   7.1341495e+06   0.0000000e+00  -1.8617942e+01   9.3089709e-01
   5.5760438e+05   7.1341995e+06   0.0000000e+00  -1.6034306e+01   8.0171528e-01
   5.5765438e+05   7.1331995e+06   0.0000000e+00  -4.4000000e+00   2.2000000e-01
   5.5765438e+05   7.1332495e+06   0.0000000e+00  -4.5791247e+00   2.2895624e-01
   5.5765438e+05   7.1332995e+06   0.0000000e+00  -4.6268160e+00   2.3134080e-01
   5.5765438e+05   7.1333495e+06   0.0000000e+00  -4.6745072e+00   2.3372536e-01
   5.5765438e+05   7.1333995e+06   0.0000000e+00  -4.7084147e+00   2.3542073e-01
   5.5765438e+05   7.1334495e+06   0.0000000e+00  -3.0437063e+00   1.5218531e-01
   5.5765438e+05   7.1334995e+06   0.0000000e+00  -1.1670002e+00   5.8350009e-02
   5.5765438e+05   7.1335495e+06   0.0000000e+00   7.0970591e-01   3.5485296e-02
   5.5765438e+05   7.1335995e+06   0.0000000e+00   1.9523983e+00   9.7619917e-02
   5.5765438e+05   7.1336495e+06   0.0000000e+00  -2.5110324e+00   1.2555162e-01
   5.5765438e+05   7.1336995e+06   0.0000000e+00  -6.9744631e+00   3.4872315e-01
   5.5765438e+05   7.1337495e+06   0.0000000e+00  -1.1437894e+01   5.7189469e-01
   5.5765438e+05   7.1337995e+06   0.0000000e+00  -1.4231159e+01   7.1155796e-01
   5.5765438e+05   7.1338495e+06   0.0000000e+00  -1.6333604e+01   8.1668018e-01
   5.5765438e+05   7.1338995e+06   0.0000000e+00  -1.8504678e+01   9.2523391e-01
   5.5765438e+05   7.1339495e+06   0.0000000e+00  -2.0675753e+01   1.0337876e+00
   5.5765438e+05   7.1339995e+06   0.0000000e+00  -2.3010751e+01   1.1505375e+00
   5.5765438e+05   7.1340495e+06   0.0000000e+00  -2.2523112e+01   1.1261556e+00
   5.5765438e+05   7.1340995e+06   0.0000000e+00  -1.9916166e+01   9.9580831e-01
   5.5765438e+05   7.1341495e+06   0.0000000e+00  -1.7309221e+01   8.6546105e-01
   5.5765438e+05   7.1341995e+06   0.0000000e+00  -1.4702276e+01   7.3511378e-01
   5.5770438e+05   7.1331995e+06   0.0000000e+00  -5.7000000e+00   2.8500000e-01
   5.5770438e+05   7.1332495e+06   0.0000000e+00  -5.5131932e+00   2.7565966e-01
   5.5770438e+05   7.1332995e+06   0.0000000e+00  -5.0748001e+00   2.5374000e-01
   5.5770438e+05   7.1333495e+06   0.0000000e+00  -4.6364069e+00   2.3182034e-01
   5.5770438e+05   7.1333995e+06   0.0000000e+00  -4.2059929e+00   2.1029965e-01
   5.5770438e+05   7.1334495e+06   0.0000000e+00  -5.1602978e+00   2.5801489e-01
   5.5770438e+05   7.1334995e+06   0.0000000e+00  -6.1146027e+00   3.0573013e-01
   5.5770438e+05   7.1335495e+06   0.0000000e+00  -7.0720164e+00   3.5360082e-01
   5.5770438e+05   7.1335995e+06   0.0000000e+00  -8.1505773e+00   4.0752887e-01
   5.5770438e+05   7.1336495e+06   0.0000000e+00  -1.0108966e+01   5.0544828e-01
   5.5770438e+05   7.1336995e+06   0.0000000e+00  -1.2067354e+01   6.0336770e-01
   5.5770438e+05   7.1337495e+06   0.0000000e+00  -1.4025742e+01   7.0128712e-01
   5.5770438e+05   7.1337995e+06   0.0000000e+00  -1.5984131e+01   7.9920654e-01
   5.5770438e+05   7.1338495e+06   0.0000000e+00  -1.7575841e+01   8.7879204e-01
   5.5770438e+05   7.1338995e+06   0.0000000e+00  -1.9068598e+01   9.5342988e-01
   5.5770438e+05   7.1339495e+06   0.0000000e+00  -2.0561354e+01   1.0280677e+00
   5.5770438e+05   7.1339995e+06   0.0000000e+00  -2.2054111e+01   1.1027055e+00
   5.5770438e+05   7.1340495e+06   0.0000000e+00  -2.0975761e+01   1.0487880e+00
   5.5770438e+05   7.1340995e+06   0.0000000e+00  -1.8335186e+01   9.1675929e-01
   5.5770438e+05   7.1341495e+06   0.0000000e+00  -1.5547919e+01   7.7739595e-01
   5.5770438e+05   7.1341995e+06   0.0000000e+00  -1.2573154e+01   6.2865771e-01
   5.5775438e+05   7.1331995e+06   0.0000000e+00  -7.6000000e+00   3.8000000e-01
   5.5775438e+05   7.1332495e+06   0.0000000e+00  -6.7839773e+00   3.3919887e-01
   5.5775438e+05   7.1332995e+06   0.0000000e+00  -5.7924346e+00   2.8962173e-01
   5.5775438e+05   7.1333495e+06   0.0000000e+00  -4.2796650e+00   2.1398325e-01
   5.5775438e+05   7.1333995e+06   0.0000000e+00  -2.7668953e+00   1.3834477e-01
   5.5775438e+05   7.1334495e+06   0.0000000e+00  -4.0727351e+00   2.0363676e-01
   5.5775438e+05   7.1334995e+06   0.0000000e+00  -5.4255934e+00   2.7127967e-01
   5.5775438e+05   7.1335495e+06   0.0000000e+00  -6.7644593e+00   3.3822297e-01
   5.5775438e+05   7.1335995e+06   0.0000000e+00  -7.8356926e+00   3.9178463e-01
   5.5775438e+05   7.1336495e+06   0.0000000e+00  -9.5451151e+00   4.7725576e-01
   5.5775438e+05   7.1336995e+06   0.0000000e+00  -1.0898336e+01   5.4491681e-01
   5.5775438e+05   7.1337495e+06   0.0000000e+00  -1.2251557e+01   6.1257786e-01
   5.5775438e+05   7.1337995e+06   0.0000000e+00  -1.3604778e+01   6.8023892e-01
   5.5775438e+05   7.1338495e+06   0.0000000e+00  -1.5168310e+01   7.5841552e-01
   5.5775438e+05   7.1338995e+06   0.0000000e+00  -1.6808320e+01   8.4041602e-01
   5.5775438e+05   7.1339495e+06   0.0000000e+00  -1.8510569e+01   9.2552843e-01
   5.5775438e+05   7.1339995e+06   0.0000000e+00  -2.0247207e+01   1.0123603e+00
   5.5775438e+05   7.1340495e+06   0.0000000e+00  -1.8828495e+01   9.4142475e-01
   5.5775438e+05   7.1340995e+06   0.0000000e+00  -1.5821737e+01   7.9108685e-01
   5.5775438e+05   7.1341495e+06   0.0000000e+00  -1.2814979e+01   6.4074895e-01
   5.5775438e+05   7.1341995e+06   0.0000000e+00  -9.8150376e+00   4.9075188e-01
   5.5780438e+05   7.1331995e+06   0.0000000e+00  -7.4000000e+00   3.7000000e-01
   5.5780438e+05   7.1332495e+06   0.0000000e+00  -6.5197878e+00   3.2598939e-01
   5.5780438e+05   7.1332995e+06   0.0000000e+00  -4.8966323e+00   2.4483161e-01
   5.5780438e+05   7.1333495e+06   0.0000000e+00  -3.0056012e+00   1.5028006e-01
   5.5780438e+05   7.1333995e+06   0.0000000e+00  -1.1133321e+00   5.5666607e-02
   5.5780438e+05   7.1334495e+06   0.0000000e+00  -2.1979834e+00   1.0989917e-01
   5.5780438e+05   7.1334995e+06   0.0000000e+00  -3.3917736e+00   1.6958868e-01
   5.5780438e+05   7.1335495e+06   0.0000000e+00  -4.7604650e+00   2.3802325e-01
   5.5780438e+05   7.1335995e+06   0.0000000e+00  -6.1239479e+00   3.0619739e-01
   5.5780438e+05   7.1336495e+06   0.0000000e+00  -7.4384765e+00   3.7192382e-01
   5.5780438e+05   7.1336995e+06   0.0000000e+00  -8.7530051e+00   4.3765025e-01
   5.5780438e+05   7.1337495e+06   0.0000000e+00  -9.6702876e+00   4.8351438e-01
   5.5780438e+05   7.1337995e+06   0.0000000e+00  -1.0534455e+01   5.2672273e-01
   5.5780438e+05   7.1338495e+06   0.0000000e+00  -1.2213415e+01   6.1067074e-01
   5.5780438e+05   7.1338995e+06   0.0000000e+00  -1.4208641e+01   7.1043207e-01
   5.5780438e+05   7.1339495e+06   0.0000000e+00  -1.6203868e+01   8.1019341e-01
   5.5780438e+05   7.1339995e+06   0.0000000e+00  -1.8150056e+01   9.0750281e-01
   5.5780438e+05   7.1340495e+06   0.0000000e+00  -1.6496747e+01   8.2483734e-01
   5.5780438e+05   7.1340995e+06   0.0000000e+00  -1.3508286e+01   6.7541429e-01
   5.5780438e+05   7.1341495e+06   0.0000000e+00  -1.0519825e+01   5.2599125e-01
   5.5780438e+05   7.1341995e+06   0.0000000e+00  -7.5313639e+00   3.7656820e-01
   5.5785438e+05   7.1331995e+06   0.0000000e+00  -7.4000000e+00   3.7000000e-01
   5.5785438e+05   7.1332495e+06   0.0000000e+00  -5.2505260e+00   2.6252630e-01
   5.5785438e+05   7.1332995e+06   0.0000000e+00  -3.4071952e+00   1.7035976e-01
   5.5785438e+05   7.1333495e+06   0.0000000e+00  -1.5638644e+00   7.8193221e-02
   5.5785438e+05   7.1333995e+06   0.0000000e+00  -1.9015411e-01   9.5077056e-03
   5.5785438e+05   7.1334495e+06   0.0000000e+00  -6.7274145e-01   3.3637072e-02
   5.5785438e+05   7.1334995e+06   0.0000000e+00  -1.7276762e+00   8.6383808e-02
   5.5785438e+05   7.1335495e+06   0.0000000e+00  -2.8551542e+00   1.4275771e-01
   5.5785438e+05   7.1335995e+06   0.0000000e+00  -3.9565797e+00   1.9782899e-01
   5.5785438e+05   7.1336495e+06   0.0000000e+00  -4.8117481e+00   2.4058740e-01
   5.5785438e+05   7.1336995e+06   0.0000000e+00  -5.6669164e+00   2.8334582e-01
   5.5785438e+05   7.1337495e+06   0.0000000e+00  -6.3621988e+00   3.1810994e-01
   5.5785438e+05   7.1337995e+06   0.0000000e+00  -6.9281824e+00   3.4640912e-01
   5.5785438e+05   7.1338495e+06   0.0000000e+00  -9.1131424e+00   4.5565712e-01
   5.5785438e+05   7.1338995e+06   0.0000000e+00  -1.1970640e+01   5.9853202e-01
   5.5785438e+05   7.1339495e+06   0.0000000e+00  -1.4828138e+01   7.4140692e-01
   5.5785438e+05   7.1339995e+06   0.0000000e+00  -1.7349652e+01   8.6748262e-01
   5.5785438e+05   7.1340495e+06   0.0000000e+00  -1.5462623e+01   7.7313116e-01
   5.5785438e+05   7.1340995e+06   0.0000000e+00  -1.2351282e+01   6.1756408e-01
   5.5785438e+05   7.1341495e+06   0.0000000e+00  -9.2575364e+00   4.6287682e-01
   5.5785438e+05   7.1341995e+06   0.0000000e+00  -6.1637912e+00   3.0818956e-01
   5.5790438e+05   7.1331995e+06   0.0000000e+00  -5.1000000e+00   2.5500000e-01
   5.5790438e+05   7.1332495e+06   0.0000000e+00  -4.0953099e+00   2.0476550e-01
   5.5790438e+05   7.1332995e+06   0.0000000e+00  -2.7855864e+00   1.3927932e-01
   5.5790438e+05   7.1333495e+06   0.0000000e+00  -1.4758629e+00   7.3793143e-02
   5.5790438e+05   7.1333995e+06   0.0000000e+00  -4.4826262e-01   2.2413131e-02
   5.5790438e+05   7.1334495e+06   0.0000000e+00  -9.5100897e-01   4.7550448e-02
   5.5790438e+05   7.1334995e+06   0.0000000e+00  -1.5714705e+00   7.8573523e-02
   5.5790438e+05   7.1335495e+06   0.0000000e+00  -2.0725457e+00   1.0362729e-01
   5.5790438e+05   7.1335995e+06   0.0000000e+00  -2.0058479e+00   1.0029240e-01
   5.5790438e+05   7.1336495e+06   0.0000000e+00  -2.4579537e+00   1.2289768e-01
   5.5790438e+05   7.1336995e+06   0.0000000e+00  -2.9100594e+00   1.4550297e-01
   5.5790438e+05   7.1337495e+06   0.0000000e+00  -3.3621652e+00   1.6810826e-01
   5.5790438e+05   7.1337995e+06   0.0000000e+00  -3.8345407e+00   1.9172704e-01
   5.5790438e+05   7.1338495e+06   0.0000000e+00  -6.2608447e+00   3.1304224e-01
   5.5790438e+05   7.1338995e+06   0.0000000e+00  -9.5232813e+00   4.7616407e-01
   5.5790438e+05   7.1339495e+06   0.0000000e+00  -1.2797936e+01   6.3989680e-01
   5.5790438e+05   7.1339995e+06   0.0000000e+00  -1.6072591e+01   8.0362953e-01
   5.5790438e+05   7.1340495e+06   0.0000000e+00  -1.4306046e+01   7.1530231e-01
   5.5790438e+05   7.1340995e+06   0.0000000e+00  -1.1337106e+01   5.6685531e-01
   5.5790438e+05   7.1341495e+06   0.0000000e+00  -8.4406622e+00   4.2203311e-01
   5.5790438e+05   7.1341995e+06   0.0000000e+00  -5.6783013e+00   2.8391507e-01
   5.5795438e+05   7.1331995e+06   0.0000000e+00  -4.2000000e+00   2.1000000e-01
   5.5795438e+05   7.1332495e+06   0.0000000e+00  -4.2000000e+00   2.1000000e-01
   5.5795438e+05   7.1332995e+06   0.0000000e+00  -4.2000000e+00   2.1000000e-01
   5.5795438e+05   7.1333495e+06   0.0000000e+00  -1.3000000e+00   6.5000000e-02
   5.5795438e+05   7.1333995e+06   0.0000000e+00  -1.3000000e+00   6.5000000e-02
   5.5795438e+05   7.1334495e+06   0.0000000e+00  -1.3000000e+00   6.5000000e-02
   5.5795438e+05   7.1334995e+06   0.0000000e+00  -9.5730140e-01   4.7865070e-02
   5.5795438e+05   7.1335495e+06   0.0000000e+00  -8.4228938e-01   4.2114469e-02
   5.5795438e+05   7.1335995e+06   0.0000000e+00  -7.6782943e-01   3.8391472e-02
   5.5795438e+05   7.1336495e+06   0.0000000e+00  -1.3256417e+00   6.6282087e-02
   5.5795438e+05   7.1336995e+06   0.0000000e+00  -1.9332942e+00   9.6664712e-02
   5.5795438e+05   7.1337495e+06   0.0000000e+00  -2.5409468e+00   1.2704734e-01
   5.5795438e+05   7.1337995e+06   0.0000000e+00  -3.1485993e+00   1.5742996e-01
   5.5795438e+05   7.1338495e+06   0.0000000e+00  -5.4973819e+00   2.7486910e-01
   5.5795438e+05   7.1338995e+06   0.0000000e+00  -8.7654293e+00   4.3827146e-01
   5.5795438e+05   7.1339495e+06   0.0000000e+00  -1.2063312e+01   6.0316559e-01
   5.5795438e+05   7.1339995e+06   0.0000000e+00  -1.5361194e+01   7.6805972e-01
   5.5795438e+05   7.1340495e+06   0.0000000e+00  -1.3570432e+01   6.7852160e-01
   5.5795438e+05   7.1340995e+06   0.0000000e+00  -1.0868796e+01   5.4343978e-01
   5.5795438e+05   7.1341495e+06   0.0000000e+00  -8.1671593e+00   4.0835797e-01
   5.5795438e+05   7.1341995e+06   0.0000000e+00  -3.9000000e+00   1.9500000e-01
